gcc -Wall -Wextra -pedantic -std=c99 -O2 -lm -o simulator simulator.c
gzcat sjeng-10M.trace.gz | ./simulator
Processing trace...
Processed 10000000 trace records.
Micro-ops: 10000000
Macro-ops: 7569542
Question 4:
Cache size (log)	Cache miss rate
               8	       0.480565
               9	       0.385439
              10	       0.293367
              11	       0.195957
              12	       0.108552
              13	       0.077827
              14	       0.055571
              15	       0.023430
              16	       0.015330
              17	       0.009111
              18	       0.007431
              19	       0.001853
              20	       0.001310
              21	       0.001171
              22	       0.001162
Question 5:
Cache size (log)	Cache miss rate
               8	       0.445940
               9	       0.333600
              10	       0.236429
              11	       0.138876
              12	       0.072243
              13	       0.034851
              14	       0.019497
              15	       0.012565
              16	       0.004889
              17	       0.002313
              18	       0.001292
              19	       0.001184
              20	       0.001158
              21	       0.001155
              22	       0.001155
Question 6:
Cache size (log)	Traffic Thr	Traffic Bck
               8	  29.562798	  37.768678
               9	  22.372984	  28.815472
              10	  16.154043	  20.638287
              11	   9.910675	  11.936362
              12	   5.646190	   6.175246
              13	   3.253081	   2.998162
              14	   2.270444	   1.757925
              15	   1.826773	   1.167145
              16	   1.335526	   0.455411
              17	   1.170640	   0.200106
              18	   1.105288	   0.095532
              19	   1.098400	   0.080407
              20	   1.096719	   0.075129
              21	   1.096553	   0.074253
              22	   1.096530	   0.073992
Question 7:
Block size (log)	Miss rate	Traffic
               3	 0.019398	2.075316
               4	 0.015043	1.548469
               5	 0.012694	1.239528
               6	 0.012565	1.167145
               7	 0.014748	1.306916
               8	 0.018144	1.552919
               9	 0.025233	2.148930
Question 8:
Predictor Size (log)	Mis-prediction
                   0	      0.341619
                   1	      0.273446
                   2	      0.220017
                   3	      0.182700
                   4	      0.142824
                   5	      0.097218
                   6	      0.061344
                   7	      0.048649
                   8	      0.043553
                   9	      0.013269
                  10	      0.008918
                  11	      0.004979
                  12	      0.004322
                  13	      0.000332
                  14	      0.000032
                  15	      0.000005
                  16	      0.000002
