gzcat sjeng-10M.trace.gz | ./simulator
Processing trace...
Processed 10000000 trace records.
Micro-ops: 10000000
Macro-ops: 7569542
Total conditional branches: 1381905
Q1:Static branch predictor miss rate: Alwasy taken: 0.553909, always not taken 0.446091
Q2:Bimodal predictor miss rates:
hisotry length    miss rate
2                  0.319424
3                  0.290443
4                  0.249152
5                  0.231611
6                  0.220855
7                  0.189726
8                  0.169934
9                  0.152380
10                 0.138740
11                 0.134757
12                 0.131543
13                 0.130280
14                 0.129356
15                 0.129104
16                 0.129081
17                 0.129081
18                 0.129081
19                 0.129081
20                 0.129081
Q3:Gshare predictor miss rates:
hisotry length    miss rate
2                  0.344626
3                  0.335813
4                  0.328408
5                  0.307797
6                  0.300641
7                  0.272281
8                  0.253672
9                  0.214740
10                 0.177872
11                 0.142847
12                 0.121783
13                 0.105546
14                 0.097574
15                 0.094858
16                 0.090761
17                 0.090760
18                 0.090760
19                 0.090760
20                 0.090760
Q4:Gshare History Length from 0 to 19 bits:
Hisotry Length | 2^10 miss rate | 2^16 miss rate
0                0.138740         0.129081      
1                0.141256         0.127947      
2                0.144584         0.124962      
3                0.149965         0.122541      
4                0.160651         0.125247      
5                0.165385         0.116435      
6                0.174768         0.111487      
7                0.176070         0.103556      
8                0.177872         0.090761      
9                0.184986         0.086814      
10               0.190494         0.082183      
11               0.190494         0.076258      
12               0.190494         0.075058      
13               0.190494         0.072862      
14               0.190494         0.071771      
15               0.190494         0.072781      
16               0.190494         0.068631      
17               0.190494         0.068631      
18               0.190494         0.068631      
19               0.190494         0.068631      
Q5:Gshare History Length is equal to predictor size:
hisotry length    miss rate
2                  0.344626
3                  0.335813
4                  0.328408
5                  0.307797
6                  0.300641
7                  0.272281
8                  0.253672
9                  0.223982
10                 0.190494
11                 0.157355
12                 0.127740
13                 0.102959
14                 0.087617
15                 0.077910
16                 0.068631
17                 0.065311
18                 0.064383
19                 0.065433
20                 0.063489
Q6:Tournament Predictor from 2 to 20 bits
hisotry length    miss rate
2                  0.300878
3                  0.283965
4                  0.253308
5                  0.235031
6                  0.220145
7                  0.184386
8                  0.157148
9                  0.132639
10                 0.113276
11                 0.099019
12                 0.086633
13                 0.076158
14                 0.068613
15                 0.062190
16                 0.056165
17                 0.053440
18                 0.051894
19                 0.051231
20                 0.048011
Q7:Tournament-fair Predictor from 2 to 20 bits
hisotry length    miss rate
2                  0.371126
3                  0.321312
4                  0.304098
5                  0.286437
6                  0.249171
7                  0.229370
8                  0.204158
9                  0.177155
10                 0.147810
11                 0.123403
12                 0.101871
13                 0.088167
14                 0.076793
15                 0.069016
16                 0.062284
17                 0.056217
18                 0.053440
19                 0.051894
20                 0.051231
