0           0           
25          9.75039001560062
50          21.4041095890411
75          35.1123595505618
100         51.0204081632653
125         69.2520775623269
150         89.9280575539568
175         113.122171945701
200         138.888888888889
225         167.785234899329
250         200
275         235.849056603774
300         271.739130434783
325         316.455696202532
350         362.31884057971
375         409.83606557377
400         462.962962962963
425         520.833333333333
450         581.395348837209
475         641.025641025641
500         714.285714285714
