125 78.003120124805 478.003120124805
250 85.6164383561644    285.616438356164
375 93.6329588014981    226.966292134831
500 102.040816326531    202.040816326531
625 110.803324099723    190.803324099723
750 119.904076738609    186.570743405276
875 129.282482223659    186.425339366516
1000    138.888888888889    188.888888888889
1125    149.142431021626    193.58687546607
1250    160 200
1375    171.526586620926    207.890222984563
1500    181.159420289855    214.492753623188
1625    194.741966893866    225.511197663096
1750    207.03933747412 235.610766045549
1875    218.579234972678    245.245901639344
2000    231.481481481481    256.481481481481
2125    245.098039215686    268.627450980392
2250    258.397932816537    280.62015503876
2375    269.905533063428    290.958164642375
2500    285.714285714286    305.714285714286
